6.2 -0.274 -3.5
6.2 0.274 -3.5
6.4 -0.524 -3.5
6.4 0.524 -3.5
6.6 -0.689 -3.5
6.6 0.689 -3.5
6.8 -0.822 -3.5
6.8 0.822 -3.5
4.6 -0.316 -3.0
4.6 0.316 -3.0
4.8 -0.548 -3.0
4.8 0.548 -3.0
5.0 -0.707 -3.0
5.0 0.707 -3.0
5.2 -0.837 -3.0
5.2 0.837 -3.0
5.4 -0.949 -3.0
5.4 0.949 -3.0
5.6 -1.049 -3.0
5.6 1.049 -3.0
5.8 -1.14 -3.0
5.8 1.14 -3.0
6.0 -1.225 -3.0
6.0 1.225 -3.0
6.2 -1.304 -3.0
6.2 1.304 -3.0
6.4 -1.378 -3.0
6.4 1.378 -3.0
6.6 -1.449 -3.0
6.6 1.449 -3.0
6.8 -1.517 -3.0
6.8 1.517 -3.0
3.2 -0.274 -2.5
3.2 0.274 -2.5
3.4 -0.524 -2.5
3.4 0.524 -2.5
3.6 -0.689 -2.5
3.6 0.689 -2.5
3.8 -0.822 -2.5
3.8 0.822 -2.5
4.0 -0.935 -2.5
4.0 0.935 -2.5
4.2 -1.037 -2.5
4.2 1.037 -2.5
4.4 -1.129 -2.5
4.4 1.129 -2.5
4.6 -1.215 -2.5
4.6 1.215 -2.5
4.8 -1.294 -2.5
4.8 1.294 -2.5
5.0 -1.369 -2.5
5.0 1.369 -2.5
5.2 -1.441 -2.5
5.2 1.441 -2.5
5.4 -1.508 -2.5
5.4 1.508 -2.5
5.6 -1.573 -2.5
5.6 1.573 -2.5
5.8 -1.635 -2.5
5.8 1.635 -2.5
6.0 -1.696 -2.5
6.0 1.696 -2.5
6.2 -1.754 -2.5
6.2 1.754 -2.5
6.4 -1.81 -2.5
6.4 1.81 -2.5
6.6 -1.864 -2.5
6.6 1.864 -2.5
6.8 -1.917 -2.5
6.8 1.917 -2.5
2.0 0.0 -2.0
2.0 0.0 -2.0
2.2 -0.447 -2.0
2.2 0.447 -2.0
2.4 -0.633 -2.0
2.4 0.633 -2.0
2.6 -0.775 -2.0
2.6 0.775 -2.0
2.8 -0.894 -2.0
2.8 0.894 -2.0
3.0 -1.0 -2.0
3.0 1.0 -2.0
3.2 -1.095 -2.0
3.2 1.095 -2.0
3.4 -1.183 -2.0
3.4 1.183 -2.0
3.6 -1.265 -2.0
3.6 1.265 -2.0
3.8 -1.342 -2.0
3.8 1.342 -2.0
4.0 -1.414 -2.0
4.0 1.414 -2.0
4.2 -1.483 -2.0
4.2 1.483 -2.0
4.4 -1.549 -2.0
4.4 1.549 -2.0
4.6 -1.612 -2.0
4.6 1.612 -2.0
4.8 -1.673 -2.0
4.8 1.673 -2.0
5.0 -1.732 -2.0
5.0 1.732 -2.0
5.2 -1.789 -2.0
5.2 1.789 -2.0
5.4 -1.844 -2.0
5.4 1.844 -2.0
5.6 -1.897 -2.0
5.6 1.897 -2.0
5.8 -1.949 -2.0
5.8 1.949 -2.0
6.0 -2.0 -2.0
6.0 2.0 -2.0
6.2 -2.049 -2.0
6.2 2.049 -2.0
6.4 -2.098 -2.0
6.4 2.098 -2.0
6.6 -2.145 -2.0
6.6 2.145 -2.0
6.8 -2.191 -2.0
6.8 2.191 -2.0
1.2 -0.274 -1.5
1.2 0.274 -1.5
1.4 -0.524 -1.5
1.4 0.524 -1.5
1.6 -0.689 -1.5
1.6 0.689 -1.5
1.8 -0.822 -1.5
1.8 0.822 -1.5
2.0 -0.935 -1.5
2.0 0.935 -1.5
2.2 -1.037 -1.5
2.2 1.037 -1.5
2.4 -1.129 -1.5
2.4 1.129 -1.5
2.6 -1.215 -1.5
2.6 1.215 -1.5
2.8 -1.294 -1.5
2.8 1.294 -1.5
3.0 -1.369 -1.5
3.0 1.369 -1.5
3.2 -1.441 -1.5
3.2 1.441 -1.5
3.4 -1.508 -1.5
3.4 1.508 -1.5
3.6 -1.573 -1.5
3.6 1.573 -1.5
3.8 -1.635 -1.5
3.8 1.635 -1.5
4.0 -1.696 -1.5
4.0 1.696 -1.5
4.2 -1.754 -1.5
4.2 1.754 -1.5
4.4 -1.81 -1.5
4.4 1.81 -1.5
4.6 -1.864 -1.5
4.6 1.864 -1.5
4.8 -1.917 -1.5
4.8 1.917 -1.5
5.0 -1.968 -1.5
5.0 1.968 -1.5
5.2 -2.019 -1.5
5.2 2.019 -1.5
5.4 -2.068 -1.5
5.4 2.068 -1.5
5.6 -2.115 -1.5
5.6 2.115 -1.5
5.8 -2.162 -1.5
5.8 2.162 -1.5
6.0 -2.208 -1.5
6.0 2.208 -1.5
6.2 -2.253 -1.5
6.2 2.253 -1.5
6.4 -2.297 -1.5
6.4 2.297 -1.5
6.6 -2.34 -1.5
6.6 2.34 -1.5
6.8 -2.382 -1.5
6.8 2.382 -1.5
0.6 -0.316 -1.0
0.6 0.316 -1.0
0.8 -0.548 -1.0
0.8 0.548 -1.0
1.0 -0.707 -1.0
1.0 0.707 -1.0
1.2 -0.837 -1.0
1.2 0.837 -1.0
1.4 -0.949 -1.0
1.4 0.949 -1.0
1.6 -1.049 -1.0
1.6 1.049 -1.0
1.8 -1.14 -1.0
1.8 1.14 -1.0
2.0 -1.225 -1.0
2.0 1.225 -1.0
2.2 -1.304 -1.0
2.2 1.304 -1.0
2.4 -1.378 -1.0
2.4 1.378 -1.0
2.6 -1.449 -1.0
2.6 1.449 -1.0
2.8 -1.517 -1.0
2.8 1.517 -1.0
3.0 -1.581 -1.0
3.0 1.581 -1.0
3.2 -1.643 -1.0
3.2 1.643 -1.0
3.4 -1.703 -1.0
3.4 1.703 -1.0
3.6 -1.761 -1.0
3.6 1.761 -1.0
3.8 -1.817 -1.0
3.8 1.817 -1.0
4.0 -1.871 -1.0
4.0 1.871 -1.0
4.2 -1.924 -1.0
4.2 1.924 -1.0
4.4 -1.975 -1.0
4.4 1.975 -1.0
4.6 -2.025 -1.0
4.6 2.025 -1.0
4.8 -2.074 -1.0
4.8 2.074 -1.0
5.0 -2.121 -1.0
5.0 2.121 -1.0
5.2 -2.168 -1.0
5.2 2.168 -1.0
5.4 -2.214 -1.0
5.4 2.214 -1.0
5.6 -2.258 -1.0
5.6 2.258 -1.0
5.8 -2.302 -1.0
5.8 2.302 -1.0
6.0 -2.345 -1.0
6.0 2.345 -1.0
6.2 -2.387 -1.0
6.2 2.387 -1.0
6.4 -2.429 -1.0
6.4 2.429 -1.0
6.6 -2.47 -1.0
6.6 2.47 -1.0
6.8 -2.51 -1.0
6.8 2.51 -1.0
0.2 -0.274 -0.5
0.2 0.274 -0.5
0.4 -0.524 -0.5
0.4 0.524 -0.5
0.6 -0.689 -0.5
0.6 0.689 -0.5
0.8 -0.822 -0.5
0.8 0.822 -0.5
1.0 -0.935 -0.5
1.0 0.935 -0.5
1.2 -1.037 -0.5
1.2 1.037 -0.5
1.4 -1.129 -0.5
1.4 1.129 -0.5
1.6 -1.215 -0.5
1.6 1.215 -0.5
1.8 -1.294 -0.5
1.8 1.294 -0.5
2.0 -1.369 -0.5
2.0 1.369 -0.5
2.2 -1.441 -0.5
2.2 1.441 -0.5
2.4 -1.508 -0.5
2.4 1.508 -0.5
2.6 -1.573 -0.5
2.6 1.573 -0.5
2.8 -1.635 -0.5
2.8 1.635 -0.5
3.0 -1.696 -0.5
3.0 1.696 -0.5
3.2 -1.754 -0.5
3.2 1.754 -0.5
3.4 -1.81 -0.5
3.4 1.81 -0.5
3.6 -1.864 -0.5
3.6 1.864 -0.5
3.8 -1.917 -0.5
3.8 1.917 -0.5
4.0 -1.968 -0.5
4.0 1.968 -0.5
4.2 -2.019 -0.5
4.2 2.019 -0.5
4.4 -2.068 -0.5
4.4 2.068 -0.5
4.6 -2.115 -0.5
4.6 2.115 -0.5
4.8 -2.162 -0.5
4.8 2.162 -0.5
5.0 -2.208 -0.5
5.0 2.208 -0.5
5.2 -2.253 -0.5
5.2 2.253 -0.5
5.4 -2.297 -0.5
5.4 2.297 -0.5
5.6 -2.34 -0.5
5.6 2.34 -0.5
5.8 -2.382 -0.5
5.8 2.382 -0.5
6.0 -2.424 -0.5
6.0 2.424 -0.5
6.2 -2.465 -0.5
6.2 2.465 -0.5
6.4 -2.505 -0.5
6.4 2.505 -0.5
6.6 -2.545 -0.5
6.6 2.545 -0.5
6.8 -2.584 -0.5
6.8 2.584 -0.5
0.0 0.0 0.0
0.0 0.0 0.0
0.2 -0.447 0.0
0.2 0.447 0.0
0.4 -0.633 0.0
0.4 0.633 0.0
0.6 -0.775 0.0
0.6 0.775 0.0
0.8 -0.894 0.0
0.8 0.894 0.0
1.0 -1.0 0.0
1.0 1.0 0.0
1.2 -1.095 0.0
1.2 1.095 0.0
1.4 -1.183 0.0
1.4 1.183 0.0
1.6 -1.265 0.0
1.6 1.265 0.0
1.8 -1.342 0.0
1.8 1.342 0.0
2.0 -1.414 0.0
2.0 1.414 0.0
2.2 -1.483 0.0
2.2 1.483 0.0
2.4 -1.549 0.0
2.4 1.549 0.0
2.6 -1.612 0.0
2.6 1.612 0.0
2.8 -1.673 0.0
2.8 1.673 0.0
3.0 -1.732 0.0
3.0 1.732 0.0
3.2 -1.789 0.0
3.2 1.789 0.0
3.4 -1.844 0.0
3.4 1.844 0.0
3.6 -1.897 0.0
3.6 1.897 0.0
3.8 -1.949 0.0
3.8 1.949 0.0
4.0 -2.0 0.0
4.0 2.0 0.0
4.2 -2.049 0.0
4.2 2.049 0.0
4.4 -2.098 0.0
4.4 2.098 0.0
4.6 -2.145 0.0
4.6 2.145 0.0
4.8 -2.191 0.0
4.8 2.191 0.0
5.0 -2.236 0.0
5.0 2.236 0.0
5.2 -2.28 0.0
5.2 2.28 0.0
5.4 -2.324 0.0
5.4 2.324 0.0
5.6 -2.367 0.0
5.6 2.367 0.0
5.8 -2.408 0.0
5.8 2.408 0.0
6.0 -2.45 0.0
6.0 2.45 0.0
6.2 -2.49 0.0
6.2 2.49 0.0
6.4 -2.53 0.0
6.4 2.53 0.0
6.6 -2.569 0.0
6.6 2.569 0.0
6.8 -2.608 0.0
6.8 2.608 0.0
0.2 -0.274 0.5
0.2 0.274 0.5
0.4 -0.524 0.5
0.4 0.524 0.5
0.6 -0.689 0.5
0.6 0.689 0.5
0.8 -0.822 0.5
0.8 0.822 0.5
1.0 -0.935 0.5
1.0 0.935 0.5
1.2 -1.037 0.5
1.2 1.037 0.5
1.4 -1.129 0.5
1.4 1.129 0.5
1.6 -1.215 0.5
1.6 1.215 0.5
1.8 -1.294 0.5
1.8 1.294 0.5
2.0 -1.369 0.5
2.0 1.369 0.5
2.2 -1.441 0.5
2.2 1.441 0.5
2.4 -1.508 0.5
2.4 1.508 0.5
2.6 -1.573 0.5
2.6 1.573 0.5
2.8 -1.635 0.5
2.8 1.635 0.5
3.0 -1.696 0.5
3.0 1.696 0.5
3.2 -1.754 0.5
3.2 1.754 0.5
3.4 -1.81 0.5
3.4 1.81 0.5
3.6 -1.864 0.5
3.6 1.864 0.5
3.8 -1.917 0.5
3.8 1.917 0.5
4.0 -1.968 0.5
4.0 1.968 0.5
4.2 -2.019 0.5
4.2 2.019 0.5
4.4 -2.068 0.5
4.4 2.068 0.5
4.6 -2.115 0.5
4.6 2.115 0.5
4.8 -2.162 0.5
4.8 2.162 0.5
5.0 -2.208 0.5
5.0 2.208 0.5
5.2 -2.253 0.5
5.2 2.253 0.5
5.4 -2.297 0.5
5.4 2.297 0.5
5.6 -2.34 0.5
5.6 2.34 0.5
5.8 -2.382 0.5
5.8 2.382 0.5
6.0 -2.424 0.5
6.0 2.424 0.5
6.2 -2.465 0.5
6.2 2.465 0.5
6.4 -2.505 0.5
6.4 2.505 0.5
6.6 -2.545 0.5
6.6 2.545 0.5
6.8 -2.584 0.5
6.8 2.584 0.5
0.6 -0.316 1.0
0.6 0.316 1.0
0.8 -0.548 1.0
0.8 0.548 1.0
1.0 -0.707 1.0
1.0 0.707 1.0
1.2 -0.837 1.0
1.2 0.837 1.0
1.4 -0.949 1.0
1.4 0.949 1.0
1.6 -1.049 1.0
1.6 1.049 1.0
1.8 -1.14 1.0
1.8 1.14 1.0
2.0 -1.225 1.0
2.0 1.225 1.0
2.2 -1.304 1.0
2.2 1.304 1.0
2.4 -1.378 1.0
2.4 1.378 1.0
2.6 -1.449 1.0
2.6 1.449 1.0
2.8 -1.517 1.0
2.8 1.517 1.0
3.0 -1.581 1.0
3.0 1.581 1.0
3.2 -1.643 1.0
3.2 1.643 1.0
3.4 -1.703 1.0
3.4 1.703 1.0
3.6 -1.761 1.0
3.6 1.761 1.0
3.8 -1.817 1.0
3.8 1.817 1.0
4.0 -1.871 1.0
4.0 1.871 1.0
4.2 -1.924 1.0
4.2 1.924 1.0
4.4 -1.975 1.0
4.4 1.975 1.0
4.6 -2.025 1.0
4.6 2.025 1.0
4.8 -2.074 1.0
4.8 2.074 1.0
5.0 -2.121 1.0
5.0 2.121 1.0
5.2 -2.168 1.0
5.2 2.168 1.0
5.4 -2.214 1.0
5.4 2.214 1.0
5.6 -2.258 1.0
5.6 2.258 1.0
5.8 -2.302 1.0
5.8 2.302 1.0
6.0 -2.345 1.0
6.0 2.345 1.0
6.2 -2.387 1.0
6.2 2.387 1.0
6.4 -2.429 1.0
6.4 2.429 1.0
6.6 -2.47 1.0
6.6 2.47 1.0
6.8 -2.51 1.0
6.8 2.51 1.0
1.2 -0.274 1.5
1.2 0.274 1.5
1.4 -0.524 1.5
1.4 0.524 1.5
1.6 -0.689 1.5
1.6 0.689 1.5
1.8 -0.822 1.5
1.8 0.822 1.5
2.0 -0.935 1.5
2.0 0.935 1.5
2.2 -1.037 1.5
2.2 1.037 1.5
2.4 -1.129 1.5
2.4 1.129 1.5
2.6 -1.215 1.5
2.6 1.215 1.5
2.8 -1.294 1.5
2.8 1.294 1.5
3.0 -1.369 1.5
3.0 1.369 1.5
3.2 -1.441 1.5
3.2 1.441 1.5
3.4 -1.508 1.5
3.4 1.508 1.5
3.6 -1.573 1.5
3.6 1.573 1.5
3.8 -1.635 1.5
3.8 1.635 1.5
4.0 -1.696 1.5
4.0 1.696 1.5
4.2 -1.754 1.5
4.2 1.754 1.5
4.4 -1.81 1.5
4.4 1.81 1.5
4.6 -1.864 1.5
4.6 1.864 1.5
4.8 -1.917 1.5
4.8 1.917 1.5
5.0 -1.968 1.5
5.0 1.968 1.5
5.2 -2.019 1.5
5.2 2.019 1.5
5.4 -2.068 1.5
5.4 2.068 1.5
5.6 -2.115 1.5
5.6 2.115 1.5
5.8 -2.162 1.5
5.8 2.162 1.5
6.0 -2.208 1.5
6.0 2.208 1.5
6.2 -2.253 1.5
6.2 2.253 1.5
6.4 -2.297 1.5
6.4 2.297 1.5
6.6 -2.34 1.5
6.6 2.34 1.5
6.8 -2.382 1.5
6.8 2.382 1.5
2.0 0.0 2.0
2.0 0.0 2.0
2.2 -0.447 2.0
2.2 0.447 2.0
2.4 -0.633 2.0
2.4 0.633 2.0
2.6 -0.775 2.0
2.6 0.775 2.0
2.8 -0.894 2.0
2.8 0.894 2.0
3.0 -1.0 2.0
3.0 1.0 2.0
3.2 -1.095 2.0
3.2 1.095 2.0
3.4 -1.183 2.0
3.4 1.183 2.0
3.6 -1.265 2.0
3.6 1.265 2.0
3.8 -1.342 2.0
3.8 1.342 2.0
4.0 -1.414 2.0
4.0 1.414 2.0
4.2 -1.483 2.0
4.2 1.483 2.0
4.4 -1.549 2.0
4.4 1.549 2.0
4.6 -1.612 2.0
4.6 1.612 2.0
4.8 -1.673 2.0
4.8 1.673 2.0
5.0 -1.732 2.0
5.0 1.732 2.0
5.2 -1.789 2.0
5.2 1.789 2.0
5.4 -1.844 2.0
5.4 1.844 2.0
5.6 -1.897 2.0
5.6 1.897 2.0
5.8 -1.949 2.0
5.8 1.949 2.0
6.0 -2.0 2.0
6.0 2.0 2.0
6.2 -2.049 2.0
6.2 2.049 2.0
6.4 -2.098 2.0
6.4 2.098 2.0
6.6 -2.145 2.0
6.6 2.145 2.0
6.8 -2.191 2.0
6.8 2.191 2.0
3.2 -0.274 2.5
3.2 0.274 2.5
3.4 -0.524 2.5
3.4 0.524 2.5
3.6 -0.689 2.5
3.6 0.689 2.5
3.8 -0.822 2.5
3.8 0.822 2.5
4.0 -0.935 2.5
4.0 0.935 2.5
4.2 -1.037 2.5
4.2 1.037 2.5
4.4 -1.129 2.5
4.4 1.129 2.5
4.6 -1.215 2.5
4.6 1.215 2.5
4.8 -1.294 2.5
4.8 1.294 2.5
5.0 -1.369 2.5
5.0 1.369 2.5
5.2 -1.441 2.5
5.2 1.441 2.5
5.4 -1.508 2.5
5.4 1.508 2.5
5.6 -1.573 2.5
5.6 1.573 2.5
5.8 -1.635 2.5
5.8 1.635 2.5
6.0 -1.696 2.5
6.0 1.696 2.5
6.2 -1.754 2.5
6.2 1.754 2.5
6.4 -1.81 2.5
6.4 1.81 2.5
6.6 -1.864 2.5
6.6 1.864 2.5
6.8 -1.917 2.5
6.8 1.917 2.5
4.6 -0.316 3.0
4.6 0.316 3.0
4.8 -0.548 3.0
4.8 0.548 3.0
5.0 -0.707 3.0
5.0 0.707 3.0
5.2 -0.837 3.0
5.2 0.837 3.0
5.4 -0.949 3.0
5.4 0.949 3.0
5.6 -1.049 3.0
5.6 1.049 3.0
5.8 -1.14 3.0
5.8 1.14 3.0
6.0 -1.225 3.0
6.0 1.225 3.0
6.2 -1.304 3.0
6.2 1.304 3.0
6.4 -1.378 3.0
6.4 1.378 3.0
6.6 -1.449 3.0
6.6 1.449 3.0
6.8 -1.517 3.0
6.8 1.517 3.0
6.2 -0.274 3.5
6.2 0.274 3.5
6.4 -0.524 3.5
6.4 0.524 3.5
6.6 -0.689 3.5
6.6 0.689 3.5
6.8 -0.822 3.5
6.8 0.822 3.5
6.2 -0.274 -3.5
6.2 0.274 -3.5
6.4 -0.524 -3.5
6.4 0.524 -3.5
6.6 -0.689 -3.5
6.6 0.689 -3.5
6.8 -0.822 -3.5
6.8 0.822 -3.5
4.6 -0.316 -3.0
4.6 0.316 -3.0
4.8 -0.548 -3.0
4.8 0.548 -3.0
5.0 -0.707 -3.0
5.0 0.707 -3.0
5.2 -0.837 -3.0
5.2 0.837 -3.0
5.4 -0.949 -3.0
5.4 0.949 -3.0
5.6 -1.049 -3.0
5.6 1.049 -3.0
5.8 -1.14 -3.0
5.8 1.14 -3.0
6.0 -1.225 -3.0
6.0 1.225 -3.0
6.2 -1.304 -3.0
6.2 1.304 -3.0
6.4 -1.378 -3.0
6.4 1.378 -3.0
6.6 -1.449 -3.0
6.6 1.449 -3.0
6.8 -1.517 -3.0
6.8 1.517 -3.0
3.2 -0.274 -2.5
3.2 0.274 -2.5
3.4 -0.524 -2.5
3.4 0.524 -2.5
3.6 -0.689 -2.5
3.6 0.689 -2.5
3.8 -0.822 -2.5
3.8 0.822 -2.5
4.0 -0.935 -2.5
4.0 0.935 -2.5
4.2 -1.037 -2.5
4.2 1.037 -2.5
4.4 -1.129 -2.5
4.4 1.129 -2.5
4.6 -1.215 -2.5
4.6 1.215 -2.5
4.8 -1.294 -2.5
4.8 1.294 -2.5
5.0 -1.369 -2.5
5.0 1.369 -2.5
5.2 -1.441 -2.5
5.2 1.441 -2.5
5.4 -1.508 -2.5
5.4 1.508 -2.5
5.6 -1.573 -2.5
5.6 1.573 -2.5
5.8 -1.635 -2.5
5.8 1.635 -2.5
6.0 -1.696 -2.5
6.0 1.696 -2.5
6.2 -1.754 -2.5
6.2 1.754 -2.5
6.4 -1.81 -2.5
6.4 1.81 -2.5
6.6 -1.864 -2.5
6.6 1.864 -2.5
6.8 -1.917 -2.5
6.8 1.917 -2.5
2.0 0.0 -2.0
2.0 0.0 -2.0
2.2 -0.447 -2.0
2.2 0.447 -2.0
2.4 -0.633 -2.0
2.4 0.633 -2.0
2.6 -0.775 -2.0
2.6 0.775 -2.0
2.8 -0.894 -2.0
2.8 0.894 -2.0
3.0 -1.0 -2.0
3.0 1.0 -2.0
3.2 -1.095 -2.0
3.2 1.095 -2.0
3.4 -1.183 -2.0
3.4 1.183 -2.0
3.6 -1.265 -2.0
3.6 1.265 -2.0
3.8 -1.342 -2.0
3.8 1.342 -2.0
4.0 -1.414 -2.0
4.0 1.414 -2.0
4.2 -1.483 -2.0
4.2 1.483 -2.0
4.4 -1.549 -2.0
4.4 1.549 -2.0
4.6 -1.612 -2.0
4.6 1.612 -2.0
4.8 -1.673 -2.0
4.8 1.673 -2.0
5.0 -1.732 -2.0
5.0 1.732 -2.0
5.2 -1.789 -2.0
5.2 1.789 -2.0
5.4 -1.844 -2.0
5.4 1.844 -2.0
5.6 -1.897 -2.0
5.6 1.897 -2.0
5.8 -1.949 -2.0
5.8 1.949 -2.0
6.0 -2.0 -2.0
6.0 2.0 -2.0
6.2 -2.049 -2.0
6.2 2.049 -2.0
6.4 -2.098 -2.0
6.4 2.098 -2.0
6.6 -2.145 -2.0
6.6 2.145 -2.0
6.8 -2.191 -2.0
6.8 2.191 -2.0
1.2 -0.274 -1.5
1.2 0.274 -1.5
1.4 -0.524 -1.5
1.4 0.524 -1.5
1.6 -0.689 -1.5
1.6 0.689 -1.5
1.8 -0.822 -1.5
1.8 0.822 -1.5
2.0 -0.935 -1.5
2.0 0.935 -1.5
2.2 -1.037 -1.5
2.2 1.037 -1.5
2.4 -1.129 -1.5
2.4 1.129 -1.5
2.6 -1.215 -1.5
2.6 1.215 -1.5
2.8 -1.294 -1.5
2.8 1.294 -1.5
3.0 -1.369 -1.5
3.0 1.369 -1.5
3.2 -1.441 -1.5
3.2 1.441 -1.5
3.4 -1.508 -1.5
3.4 1.508 -1.5
3.6 -1.573 -1.5
3.6 1.573 -1.5
3.8 -1.635 -1.5
3.8 1.635 -1.5
4.0 -1.696 -1.5
4.0 1.696 -1.5
4.2 -1.754 -1.5
4.2 1.754 -1.5
4.4 -1.81 -1.5
4.4 1.81 -1.5
4.6 -1.864 -1.5
4.6 1.864 -1.5
4.8 -1.917 -1.5
4.8 1.917 -1.5
5.0 -1.968 -1.5
5.0 1.968 -1.5
5.2 -2.019 -1.5
5.2 2.019 -1.5
5.4 -2.068 -1.5
5.4 2.068 -1.5
5.6 -2.115 -1.5
5.6 2.115 -1.5
5.8 -2.162 -1.5
5.8 2.162 -1.5
6.0 -2.208 -1.5
6.0 2.208 -1.5
6.2 -2.253 -1.5
6.2 2.253 -1.5
6.4 -2.297 -1.5
6.4 2.297 -1.5
6.6 -2.34 -1.5
6.6 2.34 -1.5
6.8 -2.382 -1.5
6.8 2.382 -1.5
0.6 -0.316 -1.0
0.6 0.316 -1.0
0.8 -0.548 -1.0
0.8 0.548 -1.0
1.0 -0.707 -1.0
1.0 0.707 -1.0
1.2 -0.837 -1.0
1.2 0.837 -1.0
1.4 -0.949 -1.0
1.4 0.949 -1.0
1.6 -1.049 -1.0
1.6 1.049 -1.0
1.8 -1.14 -1.0
1.8 1.14 -1.0
2.0 -1.225 -1.0
2.0 1.225 -1.0
2.2 -1.304 -1.0
2.2 1.304 -1.0
2.4 -1.378 -1.0
2.4 1.378 -1.0
2.6 -1.449 -1.0
2.6 1.449 -1.0
2.8 -1.517 -1.0
2.8 1.517 -1.0
3.0 -1.581 -1.0
3.0 1.581 -1.0
3.2 -1.643 -1.0
3.2 1.643 -1.0
3.4 -1.703 -1.0
3.4 1.703 -1.0
3.6 -1.761 -1.0
3.6 1.761 -1.0
3.8 -1.817 -1.0
3.8 1.817 -1.0
4.0 -1.871 -1.0
4.0 1.871 -1.0
4.2 -1.924 -1.0
4.2 1.924 -1.0
4.4 -1.975 -1.0
4.4 1.975 -1.0
4.6 -2.025 -1.0
4.6 2.025 -1.0
4.8 -2.074 -1.0
4.8 2.074 -1.0
5.0 -2.121 -1.0
5.0 2.121 -1.0
5.2 -2.168 -1.0
5.2 2.168 -1.0
5.4 -2.214 -1.0
5.4 2.214 -1.0
5.6 -2.258 -1.0
5.6 2.258 -1.0
5.8 -2.302 -1.0
5.8 2.302 -1.0
6.0 -2.345 -1.0
6.0 2.345 -1.0
6.2 -2.387 -1.0
6.2 2.387 -1.0
6.4 -2.429 -1.0
6.4 2.429 -1.0
6.6 -2.47 -1.0
6.6 2.47 -1.0
6.8 -2.51 -1.0
6.8 2.51 -1.0
0.2 -0.274 -0.5
0.2 0.274 -0.5
0.4 -0.524 -0.5
0.4 0.524 -0.5
0.6 -0.689 -0.5
0.6 0.689 -0.5
0.8 -0.822 -0.5
0.8 0.822 -0.5
1.0 -0.935 -0.5
1.0 0.935 -0.5
1.2 -1.037 -0.5
1.2 1.037 -0.5
1.4 -1.129 -0.5
1.4 1.129 -0.5
1.6 -1.215 -0.5
1.6 1.215 -0.5
1.8 -1.294 -0.5
1.8 1.294 -0.5
2.0 -1.369 -0.5
2.0 1.369 -0.5
2.2 -1.441 -0.5
2.2 1.441 -0.5
2.4 -1.508 -0.5
2.4 1.508 -0.5
2.6 -1.573 -0.5
2.6 1.573 -0.5
2.8 -1.635 -0.5
2.8 1.635 -0.5
3.0 -1.696 -0.5
3.0 1.696 -0.5
3.2 -1.754 -0.5
3.2 1.754 -0.5
3.4 -1.81 -0.5
3.4 1.81 -0.5
3.6 -1.864 -0.5
3.6 1.864 -0.5
3.8 -1.917 -0.5
3.8 1.917 -0.5
4.0 -1.968 -0.5
4.0 1.968 -0.5
4.2 -2.019 -0.5
4.2 2.019 -0.5
4.4 -2.068 -0.5
4.4 2.068 -0.5
4.6 -2.115 -0.5
4.6 2.115 -0.5
4.8 -2.162 -0.5
4.8 2.162 -0.5
5.0 -2.208 -0.5
5.0 2.208 -0.5
5.2 -2.253 -0.5
5.2 2.253 -0.5
5.4 -2.297 -0.5
5.4 2.297 -0.5
5.6 -2.34 -0.5
5.6 2.34 -0.5
5.8 -2.382 -0.5
5.8 2.382 -0.5
6.0 -2.424 -0.5
6.0 2.424 -0.5
6.2 -2.465 -0.5
6.2 2.465 -0.5
6.4 -2.505 -0.5
6.4 2.505 -0.5
6.6 -2.545 -0.5
6.6 2.545 -0.5
6.8 -2.584 -0.5
6.8 2.584 -0.5
0.0 0.0 0.0
0.0 0.0 0.0
0.2 -0.447 0.0
0.2 0.447 0.0
0.4 -0.633 0.0
0.4 0.633 0.0
0.6 -0.775 0.0
0.6 0.775 0.0
0.8 -0.894 0.0
0.8 0.894 0.0
1.0 -1.0 0.0
1.0 1.0 0.0
1.2 -1.095 0.0
1.2 1.095 0.0
1.4 -1.183 0.0
1.4 1.183 0.0
1.6 -1.265 0.0
1.6 1.265 0.0
1.8 -1.342 0.0
1.8 1.342 0.0
2.0 -1.414 0.0
2.0 1.414 0.0
2.2 -1.483 0.0
2.2 1.483 0.0
2.4 -1.549 0.0
2.4 1.549 0.0
2.6 -1.612 0.0
2.6 1.612 0.0
2.8 -1.673 0.0
2.8 1.673 0.0
3.0 -1.732 0.0
3.0 1.732 0.0
3.2 -1.789 0.0
3.2 1.789 0.0
3.4 -1.844 0.0
3.4 1.844 0.0
3.6 -1.897 0.0
3.6 1.897 0.0
3.8 -1.949 0.0
3.8 1.949 0.0
4.0 -2.0 0.0
4.0 2.0 0.0
4.2 -2.049 0.0
4.2 2.049 0.0
4.4 -2.098 0.0
4.4 2.098 0.0
4.6 -2.145 0.0
4.6 2.145 0.0
4.8 -2.191 0.0
4.8 2.191 0.0
5.0 -2.236 0.0
5.0 2.236 0.0
5.2 -2.28 0.0
5.2 2.28 0.0
5.4 -2.324 0.0
5.4 2.324 0.0
5.6 -2.367 0.0
5.6 2.367 0.0
5.8 -2.408 0.0
5.8 2.408 0.0
6.0 -2.45 0.0
6.0 2.45 0.0
6.2 -2.49 0.0
6.2 2.49 0.0
6.4 -2.53 0.0
6.4 2.53 0.0
6.6 -2.569 0.0
6.6 2.569 0.0
6.8 -2.608 0.0
6.8 2.608 0.0
0.2 -0.274 0.5
0.2 0.274 0.5
0.4 -0.524 0.5
0.4 0.524 0.5
0.6 -0.689 0.5
0.6 0.689 0.5
0.8 -0.822 0.5
0.8 0.822 0.5
1.0 -0.935 0.5
1.0 0.935 0.5
1.2 -1.037 0.5
1.2 1.037 0.5
1.4 -1.129 0.5
1.4 1.129 0.5
1.6 -1.215 0.5
1.6 1.215 0.5
1.8 -1.294 0.5
1.8 1.294 0.5
2.0 -1.369 0.5
2.0 1.369 0.5
2.2 -1.441 0.5
2.2 1.441 0.5
2.4 -1.508 0.5
2.4 1.508 0.5
2.6 -1.573 0.5
2.6 1.573 0.5
2.8 -1.635 0.5
2.8 1.635 0.5
3.0 -1.696 0.5
3.0 1.696 0.5
3.2 -1.754 0.5
3.2 1.754 0.5
3.4 -1.81 0.5
3.4 1.81 0.5
3.6 -1.864 0.5
3.6 1.864 0.5
3.8 -1.917 0.5
3.8 1.917 0.5
4.0 -1.968 0.5
4.0 1.968 0.5
4.2 -2.019 0.5
4.2 2.019 0.5
4.4 -2.068 0.5
4.4 2.068 0.5
4.6 -2.115 0.5
4.6 2.115 0.5
4.8 -2.162 0.5
4.8 2.162 0.5
5.0 -2.208 0.5
5.0 2.208 0.5
5.2 -2.253 0.5
5.2 2.253 0.5
5.4 -2.297 0.5
5.4 2.297 0.5
5.6 -2.34 0.5
5.6 2.34 0.5
5.8 -2.382 0.5
5.8 2.382 0.5
6.0 -2.424 0.5
6.0 2.424 0.5
6.2 -2.465 0.5
6.2 2.465 0.5
6.4 -2.505 0.5
6.4 2.505 0.5
6.6 -2.545 0.5
6.6 2.545 0.5
6.8 -2.584 0.5
6.8 2.584 0.5
0.6 -0.316 1.0
0.6 0.316 1.0
0.8 -0.548 1.0
0.8 0.548 1.0
1.0 -0.707 1.0
1.0 0.707 1.0
1.2 -0.837 1.0
1.2 0.837 1.0
1.4 -0.949 1.0
1.4 0.949 1.0
1.6 -1.049 1.0
1.6 1.049 1.0
1.8 -1.14 1.0
1.8 1.14 1.0
2.0 -1.225 1.0
2.0 1.225 1.0
2.2 -1.304 1.0
2.2 1.304 1.0
2.4 -1.378 1.0
2.4 1.378 1.0
2.6 -1.449 1.0
2.6 1.449 1.0
2.8 -1.517 1.0
2.8 1.517 1.0
3.0 -1.581 1.0
3.0 1.581 1.0
3.2 -1.643 1.0
3.2 1.643 1.0
3.4 -1.703 1.0
3.4 1.703 1.0
3.6 -1.761 1.0
3.6 1.761 1.0
3.8 -1.817 1.0
3.8 1.817 1.0
4.0 -1.871 1.0
4.0 1.871 1.0
4.2 -1.924 1.0
4.2 1.924 1.0
4.4 -1.975 1.0
4.4 1.975 1.0
4.6 -2.025 1.0
4.6 2.025 1.0
4.8 -2.074 1.0
4.8 2.074 1.0
5.0 -2.121 1.0
5.0 2.121 1.0
5.2 -2.168 1.0
5.2 2.168 1.0
5.4 -2.214 1.0
5.4 2.214 1.0
5.6 -2.258 1.0
5.6 2.258 1.0
5.8 -2.302 1.0
5.8 2.302 1.0
6.0 -2.345 1.0
6.0 2.345 1.0
6.2 -2.387 1.0
6.2 2.387 1.0
6.4 -2.429 1.0
6.4 2.429 1.0
6.6 -2.47 1.0
6.6 2.47 1.0
6.8 -2.51 1.0
6.8 2.51 1.0
1.2 -0.274 1.5
1.2 0.274 1.5
1.4 -0.524 1.5
1.4 0.524 1.5
1.6 -0.689 1.5
1.6 0.689 1.5
1.8 -0.822 1.5
1.8 0.822 1.5
2.0 -0.935 1.5
2.0 0.935 1.5
2.2 -1.037 1.5
2.2 1.037 1.5
2.4 -1.129 1.5
2.4 1.129 1.5
2.6 -1.215 1.5
2.6 1.215 1.5
2.8 -1.294 1.5
2.8 1.294 1.5
3.0 -1.369 1.5
3.0 1.369 1.5
3.2 -1.441 1.5
3.2 1.441 1.5
3.4 -1.508 1.5
3.4 1.508 1.5
3.6 -1.573 1.5
3.6 1.573 1.5
3.8 -1.635 1.5
3.8 1.635 1.5
4.0 -1.696 1.5
4.0 1.696 1.5
4.2 -1.754 1.5
4.2 1.754 1.5
4.4 -1.81 1.5
4.4 1.81 1.5
4.6 -1.864 1.5
4.6 1.864 1.5
4.8 -1.917 1.5
4.8 1.917 1.5
5.0 -1.968 1.5
5.0 1.968 1.5
5.2 -2.019 1.5
5.2 2.019 1.5
5.4 -2.068 1.5
5.4 2.068 1.5
5.6 -2.115 1.5
5.6 2.115 1.5
5.8 -2.162 1.5
5.8 2.162 1.5
6.0 -2.208 1.5
6.0 2.208 1.5
6.2 -2.253 1.5
6.2 2.253 1.5
6.4 -2.297 1.5
6.4 2.297 1.5
6.6 -2.34 1.5
6.6 2.34 1.5
6.8 -2.382 1.5
6.8 2.382 1.5
2.0 0.0 2.0
2.0 0.0 2.0
2.2 -0.447 2.0
2.2 0.447 2.0
2.4 -0.633 2.0
2.4 0.633 2.0
2.6 -0.775 2.0
2.6 0.775 2.0
2.8 -0.894 2.0
2.8 0.894 2.0
3.0 -1.0 2.0
3.0 1.0 2.0
3.2 -1.095 2.0
3.2 1.095 2.0
3.4 -1.183 2.0
3.4 1.183 2.0
3.6 -1.265 2.0
3.6 1.265 2.0
3.8 -1.342 2.0
3.8 1.342 2.0
4.0 -1.414 2.0
4.0 1.414 2.0
4.2 -1.483 2.0
4.2 1.483 2.0
4.4 -1.549 2.0
4.4 1.549 2.0
4.6 -1.612 2.0
4.6 1.612 2.0
4.8 -1.673 2.0
4.8 1.673 2.0
5.0 -1.732 2.0
5.0 1.732 2.0
5.2 -1.789 2.0
5.2 1.789 2.0
5.4 -1.844 2.0
5.4 1.844 2.0
5.6 -1.897 2.0
5.6 1.897 2.0
5.8 -1.949 2.0
5.8 1.949 2.0
6.0 -2.0 2.0
6.0 2.0 2.0
6.2 -2.049 2.0
6.2 2.049 2.0
6.4 -2.098 2.0
6.4 2.098 2.0
6.6 -2.145 2.0
6.6 2.145 2.0
6.8 -2.191 2.0
6.8 2.191 2.0
3.2 -0.274 2.5
3.2 0.274 2.5
3.4 -0.524 2.5
3.4 0.524 2.5
3.6 -0.689 2.5
3.6 0.689 2.5
3.8 -0.822 2.5
3.8 0.822 2.5
4.0 -0.935 2.5
4.0 0.935 2.5
4.2 -1.037 2.5
4.2 1.037 2.5
4.4 -1.129 2.5
4.4 1.129 2.5
4.6 -1.215 2.5
4.6 1.215 2.5
4.8 -1.294 2.5
4.8 1.294 2.5
5.0 -1.369 2.5
5.0 1.369 2.5
5.2 -1.441 2.5
5.2 1.441 2.5
5.4 -1.508 2.5
5.4 1.508 2.5
5.6 -1.573 2.5
5.6 1.573 2.5
5.8 -1.635 2.5
5.8 1.635 2.5
6.0 -1.696 2.5
6.0 1.696 2.5
6.2 -1.754 2.5
6.2 1.754 2.5
6.4 -1.81 2.5
6.4 1.81 2.5
6.6 -1.864 2.5
6.6 1.864 2.5
6.8 -1.917 2.5
6.8 1.917 2.5
4.6 -0.316 3.0
4.6 0.316 3.0
4.8 -0.548 3.0
4.8 0.548 3.0
5.0 -0.707 3.0
5.0 0.707 3.0
5.2 -0.837 3.0
5.2 0.837 3.0
5.4 -0.949 3.0
5.4 0.949 3.0
5.6 -1.049 3.0
5.6 1.049 3.0
5.8 -1.14 3.0
5.8 1.14 3.0
6.0 -1.225 3.0
6.0 1.225 3.0
6.2 -1.304 3.0
6.2 1.304 3.0
6.4 -1.378 3.0
6.4 1.378 3.0
6.6 -1.449 3.0
6.6 1.449 3.0
6.8 -1.517 3.0
6.8 1.517 3.0
6.2 -0.274 3.5
6.2 0.274 3.5
6.4 -0.524 3.5
6.4 0.524 3.5
6.6 -0.689 3.5
6.6 0.689 3.5
6.8 -0.822 3.5
6.8 0.822 3.5
