-2.9 1.95
-2.8 1.854
-2.7 1.758
-2.6 1.663
-2.5 1.569
-2.4 1.475
-2.3 1.381
-2.2 1.289
-2.1 1.197
-2.0 1.107
-1.9 1.018
-1.8 0.931
-1.7 0.845
-1.6 0.761
-1.5 0.68
-1.4 0.601
-1.3 0.526
-1.2 0.454
-1.1 0.386
-1.0 0.322
-0.9 0.263
-0.8 0.209
-0.7 0.161
-0.6 0.119
-0.5 0.083
-0.4 0.053
-0.3 0.03
-0.2 0.013
-0.1 0.003
0.0 0.0
0.1 -0.549
0.1 0.003
0.1 0.546
0.2 -0.781
0.2 0.013
0.2 0.768
0.3 -0.963
0.3 0.03
0.3 0.933
0.4 -1.121
0.4 0.053
0.4 1.068
0.5 -1.265
0.5 0.084
0.5 1.181
0.6 -1.398
0.6 0.121
0.6 1.277
0.7 -1.525
0.7 0.166
0.7 1.359
0.8 -1.647
0.8 0.218
0.8 1.429
0.9 -1.764
0.9 0.278
0.9 1.486
1.0 -1.879
1.0 0.347
1.0 1.532
1.1 -1.992
1.1 0.427
1.1 1.565
1.2 -2.103
1.2 0.519
1.2 1.584
1.3 -2.212
1.3 0.626
1.3 1.586
1.4 -2.32
1.4 0.756
1.4 1.564
1.5 -2.427
1.5 0.927
1.5 1.5
1.6 -2.533
1.7 -2.639
1.8 -2.743
1.9 -2.848
-2.9 1.95
-2.8 1.854
-2.7 1.758
-2.6 1.663
-2.5 1.569
-2.4 1.475
-2.3 1.381
-2.2 1.289
-2.1 1.197
-2.0 1.107
-1.9 1.018
-1.8 0.931
-1.7 0.845
-1.6 0.761
-1.5 0.68
-1.4 0.601
-1.3 0.526
-1.2 0.454
-1.1 0.386
-1.0 0.322
-0.9 0.263
-0.8 0.209
-0.7 0.161
-0.6 0.119
-0.5 0.083
-0.4 0.053
-0.3 0.03
-0.2 0.013
-0.1 0.003
0.0 0.0
0.1 -0.549
0.1 0.003
0.1 0.546
0.2 -0.781
0.2 0.013
0.2 0.768
0.3 -0.963
0.3 0.03
0.3 0.933
0.4 -1.121
0.4 0.053
0.4 1.068
0.5 -1.265
0.5 0.084
0.5 1.181
0.6 -1.398
0.6 0.121
0.6 1.277
0.7 -1.525
0.7 0.166
0.7 1.359
0.8 -1.647
0.8 0.218
0.8 1.429
0.9 -1.764
0.9 0.278
0.9 1.486
1.0 -1.879
1.0 0.347
1.0 1.532
1.1 -1.992
1.1 0.427
1.1 1.565
1.2 -2.103
1.2 0.519
1.2 1.584
1.3 -2.212
1.3 0.626
1.3 1.586
1.4 -2.32
1.4 0.756
1.4 1.564
1.5 -2.427
1.5 0.927
1.5 1.5
1.6 -2.533
1.7 -2.639
1.8 -2.743
1.9 -2.848
